120.07634,30.137617;120.076332,30.137604;120.076172,30.137066;120.076134,30.13695;
120.076134,30.13695;120.075401,30.137104;120.074829,30.137259;120.074501,30.137373;120.074249,30.137501;120.074043,30.137627;120.07386,30.13776;120.073647,30.137951;120.073402,30.13822;120.07325,30.13842;120.072998,30.138849;120.072884,30.139135;120.072807,30.139372;120.072792,30.139576;120.0728,30.139727;
120.0728,30.139727;120.071602,30.139809;120.071083,30.139839;120.070732,30.139858;120.070038,30.139891;120.069763,30.13994;120.069153,30.14006;120.067635,30.140329;
120.067635,30.140329;120.067696,30.140491;120.067909,30.140902;120.068054,30.141155;120.068375,30.141636;120.06881,30.142258;120.068855,30.142336;120.069016,30.142555;120.069153,30.142792;120.069221,30.14292;120.069351,30.143265;120.069389,30.143419;120.069427,30.143681;120.069519,30.144466;120.069534,30.144571;120.069565,30.14481;120.069656,30.145638;120.069771,30.146484;120.069786,30.146593;120.069801,30.146902;120.069847,30.147522;120.069893,30.147886;
120.069893,30.147886;120.070541,30.147839;120.070763,30.147831;120.071198,30.147795;120.071472,30.147774;120.071861,30.147751;
120.071915,30.147747;120.07193,30.147882;120.071938,30.14806;
120.071938,30.14806;120.072037,30.148046;
120.072037,30.148046;120.072006,30.148098;120.071976,30.148115;
120.071976,30.148115;120.071991,30.148338;
120.071991,30.148338;120.072144,30.148382;
120.072144,30.148382;120.072212,30.148447;120.07225,30.14852;120.072281,30.148638;
120.072281,30.148638;120.072227,30.14868;120.072227,30.148693
