120.081749,30.12969;120.081795,30.129805;120.081802,30.129883;120.081886,30.13011;
120.081886,30.13011;120.08136,30.13026;
120.08136,30.13026;120.081398,30.130373;120.081451,30.130505;
120.081451,30.130505;120.080566,30.130756;120.080559,30.13076;120.079453,30.131084;120.07917,30.131165;120.078972,30.131189;
120.078972,30.131189;120.078934,30.131721;120.078819,30.132877;120.078712,30.133755;120.078674,30.134518;120.078674,30.13497;120.078705,30.135496;120.078705,30.135515;120.078812,30.136385;120.078949,30.137453;120.078995,30.137896;120.079185,30.139414;120.079414,30.141262;120.079559,30.142427;120.07959,30.142647;120.079651,30.143061;120.079727,30.143633;120.079895,30.144905;120.080048,30.146067;120.080055,30.146244;120.080078,30.146484;120.080124,30.146885;120.080246,30.147781;120.080299,30.148283;120.080513,30.149357;
120.080513,30.149357;120.080559,30.149357;120.081779,30.149313;120.082695,30.149284;120.083961,30.148993;
120.083961,30.148993;120.084061,30.149227;120.084084,30.149389;
120.084084,30.149389;120.08387,30.149441;120.083817,30.149488;
120.083817,30.149488;120.083923,30.149549;120.084167,30.149591;120.084221,30.149652;120.084259,30.149832;120.08432,30.149918;120.084373,30.149931;120.08506,30.150061;120.085289,30.150137

